non-recurrent
137

1 0


1 0


1 0


1 0


1 0


1 0


1 0


1 0


1 0


1 0


1 0


1 0


1 0


1 0


1 0


1 0


1 0


1 0


1 0


1 0


1 0


1 0


1 0


1 0


1 0


1 0


1 0


1 0


1 0


1 0


1 0


1 0


1 0


1 0


1 0


1 0


1 0


1 0


1 0


1 0


1 0


1 0


1 0


1 0


1 0


1 0


1 0


1 0


1 0


1 0


1 0


1 0


1 0


1 0


1 0


1 0


1 0


1 0


1 0


1 0


1 0


1 0


1 0


1 0


1 0


1 0


1 0


1 0


1 0


1 0


1 0


1 0


1 0


1 0


1 0


1 0


1 0


1 0


1 0


1 0


1 0


1 0


1 0


1 0


1 0


1 0


1 0


1 0


1 0


1 0


1 0


1 0


1 0


1 0


1 0


1 0


1 0


1 0


1 0


1 0


1 0


1 0


1 0


1 0


1 0


1 0


1 0


1 0


1 0


1 0


1 0


1 0


1 0


1 0


1 0


1 0


1 0


1 0


1 0


1 0


1 0


1 0


1 0


1 0


1 0


1 0


1 0


3 0


2 1
66 -1.1057 

2 1
127 0.27434 

2 0


2 1
35 -1.20406 

2 0


2 1
9 1.08724 

2 0


2 0


2 0


