non-recurrent
137

1 0


1 0


1 0


1 0


1 0


1 0


1 0


1 0


1 0


1 0


1 0


1 0


1 0


1 0


1 0


1 0


1 0


1 0


1 0


1 0


1 0


1 0


1 0


1 0


1 0


1 0


1 0


1 0


1 0


1 0


1 0


1 0


1 0


1 0


1 0


1 0


1 0


1 0


1 0


1 0


1 0


1 0


1 0


1 0


1 0


1 0


1 0


1 0


1 0


1 0


1 0


1 0


1 0


1 0


1 0


1 0


1 0


1 0


1 0


1 0


1 0


1 0


1 0


1 0


1 0


1 0


1 0


1 0


1 0


1 0


1 0


1 0


1 0


1 0


1 0


1 0


1 0


1 0


1 0


1 0


1 0


1 0


1 0


1 0


1 0


1 0


1 0


1 0


1 0


1 0


1 0


1 0


1 0


1 0


1 0


1 0


1 0


1 0


1 0


1 0


1 0


1 0


1 0


1 0


1 0


1 0


1 0


1 0


1 0


1 0


1 0


1 0


1 0


1 0


1 0


1 0


1 0


1 0


1 0


1 0


1 0


1 0


1 0


1 0


1 0


1 0


1 0


3 0


2 0


2 0


2 0


2 0


2 1
76 0.754813 

2 0


2 1
127 0.0787265 

2 0


2 0


